     0/199    0.975G    0.1194  0.001688         0     0.121        14       512  0.001413   0.01569 0.0001907 2.826e-05    0.1176  0.002429         0
     1/199     1.64G    0.1097  0.002378         0    0.1121        14       512  0.003308   0.03922 0.0006724 9.962e-05    0.1123  0.003027         0
     2/199     1.64G    0.1046  0.002776         0    0.1074        14       512   0.00452    0.1216  0.001159 0.0001833    0.1079  0.003457         0
     3/199     1.64G    0.1004   0.00322         0    0.1036        14       512  0.005429   0.09608   0.00169 0.0002845    0.1037  0.003936         0
     4/199     1.64G   0.09679  0.003606         0    0.1004        14       512  0.005829    0.1294  0.002012 0.0003636   0.09963  0.004276         0
     5/199     1.64G   0.09011  0.003998         0   0.09411        14       512  0.006881    0.1451  0.002759 0.0004463   0.09341  0.004633         0
     6/199     1.64G   0.08488  0.004435         0   0.08931        14       512  0.008394    0.2078  0.003783 0.0006322   0.08839  0.004974         0
     7/199     1.64G   0.08199  0.004618         0   0.08661        14       512   0.01227    0.1275  0.005397 0.0009923   0.08603  0.005155         0
     8/199     1.64G   0.07728   0.00491         0   0.08219        14       512   0.01601    0.1627  0.007657  0.001455   0.08189  0.005386         0
     9/199     1.64G    0.0744  0.004956         0   0.07935        14       512   0.02567    0.2118   0.01186  0.002298   0.08032  0.005335         0
    10/199     1.64G   0.07292  0.004993         0   0.07791        14       512   0.04105    0.1863   0.01841  0.003697   0.07801  0.005223         0
    11/199     1.64G   0.06958  0.004872         0   0.07445        14       512   0.06684    0.2039    0.0299  0.006113   0.07758  0.004889         0
    12/199     1.64G    0.0663  0.004717         0   0.07101        14       512    0.1292    0.2627   0.05803   0.01129   0.07377  0.004724         0
    13/199     1.64G    0.0644  0.004521         0   0.06892        14       512     0.228    0.2843    0.1133   0.02646   0.07223   0.00452         0
    14/199     1.64G   0.06144  0.004307         0   0.06575        14       512    0.2535    0.3176    0.1432   0.03569   0.06892  0.004477         0
    15/199     1.64G   0.06231   0.00412         0   0.06643        14       512    0.2919    0.3667    0.1817   0.04407    0.0734  0.004124         0
    16/199     1.64G   0.06957  0.003708         0   0.07327        14       512    0.3228    0.3333    0.1857   0.05311   0.07487  0.004038         0
    17/199     1.64G   0.06349  0.003905         0   0.06739        14       512    0.3555    0.3686    0.2114    0.0658   0.06647   0.00453         0
    18/199     1.64G    0.0582  0.004239         0   0.06244        14       512    0.3804    0.3744    0.2435   0.07428   0.06391  0.004769         0
    19/199     1.64G   0.05618  0.004263         0   0.06044        14       512     0.425     0.398    0.2725   0.08384   0.06346  0.004682         0
    20/199     1.64G    0.0546   0.00428         0   0.05888        14       512    0.4631    0.4137    0.2906   0.09278    0.0615  0.004663         0
    21/199     1.64G   0.05255  0.004319         0   0.05687        14       512    0.4294    0.3824    0.2764    0.0845   0.06285   0.00451         0
    22/199     1.64G   0.05232  0.004199         0   0.05652        14       512    0.4576    0.3941    0.2767   0.09332   0.06116  0.004524         0
    23/199     1.64G   0.05273  0.004151         0   0.05688        14       512     0.528    0.4314    0.3538    0.1151   0.05831  0.004568         0
    24/199     1.64G   0.04933  0.004263         0    0.0536        14       512    0.5037    0.4358    0.3484    0.1222   0.05803  0.004605         0
    25/199     1.64G   0.04798   0.00427         0   0.05225        14       512    0.4734    0.5275    0.3921    0.1405   0.05777  0.004459         0
    26/199     1.64G   0.05124  0.003998         0   0.05524        14       512    0.3416     0.451    0.2621    0.0785   0.06271  0.004159         0
    27/199     1.64G   0.04898  0.004226         0   0.05321        14       512    0.3199    0.4627    0.2542   0.08072   0.05718  0.004504         0
    28/199     1.64G   0.04759  0.004269         0   0.05186        14       512     0.359    0.4656    0.2876   0.09627   0.06018   0.00419         0
    29/199     1.64G   0.04815  0.004027         0   0.05218        14       512    0.4405    0.4554    0.3412    0.1201   0.05752   0.00433         0
    30/199     1.64G   0.04831  0.004056         0   0.05236        14       512    0.4013    0.4639    0.3344    0.1198   0.05572  0.004468         0
    31/199     1.64G   0.04369  0.004296         0   0.04799        14       512    0.3686       0.5    0.3538    0.1252     0.057  0.004282         0
    32/199     1.64G   0.04352  0.004145         0   0.04766        14       512    0.4206    0.4706    0.3689    0.1299   0.05884  0.004016         0
    33/199     1.64G   0.04151  0.004112         0   0.04562        14       512    0.4727    0.5216    0.4317    0.1486   0.05553    0.0041         0
    34/199     1.64G   0.04013  0.004002         0   0.04413        14       512    0.5142    0.5314    0.4888    0.1849   0.05497  0.004025         0
    35/199     1.64G   0.04095  0.003963         0   0.04491        14       512    0.5451    0.5373    0.4816     0.175   0.05513  0.003989         0
    36/199     1.64G   0.04063  0.004002         0   0.04463        14       512    0.4403    0.5754    0.4606    0.1618   0.05706  0.003887         0
    37/199     1.64G   0.04047  0.003933         0   0.04441        14       512     0.526    0.5897    0.5063    0.1845   0.05478  0.003976         0
    38/199     1.64G   0.03897  0.003951         0   0.04292        14       512    0.5427     0.551    0.5267    0.1948   0.05576  0.003918         0
    39/199     1.64G   0.03849  0.003945         0   0.04244        14       512    0.6485    0.5137    0.5216     0.186   0.05474   0.00393         0
    40/199     1.64G   0.03862  0.003911         0   0.04253        14       512    0.5747    0.5725    0.5027    0.1888   0.05393  0.003972         0
    41/199     1.64G   0.03764  0.003955         0    0.0416        14       512    0.6049    0.5588    0.5323    0.1908   0.05282  0.004004         0
    42/199     1.64G   0.03824  0.003872         0   0.04211        14       512    0.6353    0.5882      0.55    0.2015   0.05255  0.003991         0
    43/199     1.64G   0.03962  0.003821         0   0.04344        14       512    0.5952    0.5997    0.5115    0.1827   0.05448   0.00392         0
    44/199     1.64G    0.0388  0.003923         0   0.04272        14       512    0.6633    0.6098    0.5659    0.1975   0.05368  0.004063         0
    45/199     1.64G   0.03742  0.004012         0   0.04143        14       512    0.6758    0.5373    0.5486     0.202   0.05651  0.003937         0
    46/199     1.64G   0.04077  0.003843         0   0.04461        14       512    0.6304    0.6059    0.5914    0.2195   0.05205   0.00422         0
    47/199     1.64G   0.03691  0.003968         0   0.04088        14       512    0.6729    0.6373    0.6432    0.2475   0.05104  0.004203         0
    48/199     1.64G   0.03435  0.003914         0   0.03827        14       512    0.6831    0.6196    0.6408     0.244   0.05162  0.004024         0
    49/199     1.64G   0.03387  0.003814         0   0.03769        14       512    0.7525    0.6157    0.6768    0.2695   0.05133  0.003925         0
    50/199     1.64G   0.03211  0.003786         0    0.0359        14       512    0.7416    0.6302    0.6804    0.2771   0.05113  0.003891         0
    51/199     1.64G   0.03181  0.003727         0   0.03553        14       512    0.7279    0.6255    0.6703     0.277   0.05069  0.003891         0
    52/199     1.64G   0.03163  0.003683         0   0.03531        14       512    0.7126    0.6569    0.6831    0.2784   0.05006  0.003878         0
    53/199     1.64G   0.03152  0.003645         0   0.03516        14       512    0.7204    0.6529    0.6844    0.2767   0.04969  0.003865         0
    54/199     1.64G   0.03061  0.003665         0   0.03427        14       512    0.7179    0.6549    0.6835    0.2748   0.04985  0.003821         0
    55/199     1.64G   0.03095  0.003578         0   0.03453        14       512    0.7796    0.6137    0.6788    0.2777    0.0497  0.003791         0
    56/199     1.64G   0.03041  0.003562         0   0.03397        14       512    0.7453    0.6294    0.6675    0.2585   0.05121  0.003741         0
    57/199     1.64G   0.03073  0.003567         0    0.0343        14       512    0.7533    0.6347    0.6655    0.2672   0.05069  0.003743         0
    58/199     1.64G   0.02922  0.003543         0   0.03277        14       512    0.7548    0.6157    0.6544    0.2457   0.05197  0.003679         0
    59/199     1.64G   0.03018  0.003478         0   0.03365        14       512    0.7935    0.5961    0.6613    0.2587   0.05209   0.00363         0
    60/199     1.64G   0.02982  0.003517         0   0.03334        14       512    0.7657    0.6098    0.6624    0.2606   0.05146  0.003637         0
    61/199     1.64G   0.03011   0.00348         0   0.03359        14       512    0.7235    0.6618    0.6717     0.267   0.05052  0.003686         0
    62/199     1.64G   0.02854  0.003534         0   0.03207        14       512    0.7117    0.6584    0.6542     0.259   0.05057  0.003682         0
    63/199     1.64G    0.0284  0.003486         0   0.03189        14       512     0.729    0.6725    0.6862    0.2735    0.0497  0.003676         0
    64/199     1.64G   0.02798  0.003456         0   0.03144        14       512    0.7487     0.649    0.6701    0.2795   0.04985  0.003661         0
    65/199     1.64G   0.02757  0.003435         0   0.03101        14       512    0.7018    0.6737    0.6696    0.2751   0.04971   0.00368         0
    66/199     1.64G   0.02675  0.003405         0   0.03015        14       512    0.7142    0.6882    0.6808    0.2756   0.05013  0.003678         0
    67/199     1.64G   0.02679  0.003392         0   0.03019        14       512    0.7855    0.6607    0.6998    0.2869   0.05016  0.003668         0
    68/199     1.64G   0.02698  0.003346         0   0.03033        14       512     0.778     0.702    0.7171     0.294   0.04888  0.003686         0
    69/199     1.64G   0.02689  0.003342         0   0.03024        14       512    0.7396    0.7016    0.7117    0.2995   0.04847  0.003704         0
    70/199     1.64G     0.026  0.003332         0   0.02933        14       512       0.8     0.651    0.7025    0.2935   0.04886  0.003701         0
    71/199     1.64G   0.02483  0.003354         0   0.02819        14       512    0.7979    0.6275    0.6782    0.2911     0.049  0.003689         0
    72/199     1.64G   0.02589   0.00329         0   0.02918        14       512    0.7745    0.6843    0.7036       0.3   0.04846  0.003663         0
    73/199     1.64G   0.02407    0.0033         0   0.02737        14       512    0.7876    0.6588     0.696    0.2966   0.04844  0.003701         0
    74/199     1.64G   0.02409  0.003242         0   0.02733        14       512    0.7719    0.6412    0.6528    0.2795   0.04981  0.003664         0
    75/199     1.64G   0.02386  0.003195         0   0.02705        14       512    0.7219    0.6686    0.6552    0.2697   0.05027  0.003659         0
    76/199     1.64G   0.02399  0.003188         0   0.02718        14       512    0.7421    0.6627      0.68    0.2856   0.04907  0.003716         0
    77/199     1.64G    0.0236  0.003162         0   0.02676        14       512    0.7507     0.651    0.6817     0.288   0.04906  0.003693         0
    78/199     1.64G   0.02342  0.003134         0   0.02655        14       512    0.7951    0.6466    0.6968    0.2862   0.04909  0.003649         0
    79/199     1.64G   0.02271   0.00314         0   0.02585        14       512    0.7723    0.6412     0.682    0.2842   0.04955  0.003648         0
    80/199     1.64G    0.0229  0.003092         0   0.02599        14       512    0.7652    0.6646     0.686    0.2792   0.04933  0.003701         0
    81/199     1.64G   0.02331  0.003121         0   0.02643        14       512    0.7807    0.6423    0.6777    0.2836   0.04933  0.003667         0
    82/199     1.64G   0.02279  0.003086         0   0.02587        14       512    0.7675    0.6549    0.6899    0.2791   0.04914  0.003655         0
    83/199     1.64G   0.02282  0.003102         0   0.02592        14       512    0.7527    0.6804    0.7062    0.2907   0.04898  0.003652         0
    84/199     1.64G   0.02349  0.003076         0   0.02657        14       512     0.752    0.6955    0.7173    0.3014   0.04873  0.003655         0
    85/199     1.64G   0.02259  0.003079         0   0.02567        14       512    0.7541    0.7098    0.7268    0.3077   0.04849   0.00366         0
    86/199     1.64G    0.0219  0.003056         0   0.02496        14       512    0.7948    0.6836    0.7196    0.2955   0.04892   0.00367         0
    87/199     1.64G   0.02123  0.003014         0   0.02424        14       512    0.7921    0.6725    0.7116    0.2961    0.0488   0.00367         0
    88/199     1.64G    0.0214  0.002992         0   0.02439        14       512    0.7827    0.6569    0.6874    0.2848   0.04941  0.003658         0
    89/199     1.64G   0.02177  0.002998         0   0.02477        14       512    0.7913    0.6543    0.6855    0.2822   0.04948  0.003657         0
    90/199     1.64G   0.02148  0.002998         0   0.02448        14       512    0.7478    0.6824    0.6937    0.2873   0.04919  0.003671         0
    91/199     1.64G   0.02125  0.002986         0   0.02424        14       512    0.7798    0.6882    0.6997    0.2809    0.0495  0.003662         0
    92/199     1.64G   0.02166  0.002987         0   0.02465        14       512    0.7635    0.6941    0.7051    0.2817   0.04903  0.003696         0
    93/199     1.64G   0.02203  0.002996         0   0.02502        14       512    0.7765    0.6686    0.6831    0.2811   0.04942  0.003676         0
    94/199     1.64G   0.02266  0.003006         0   0.02566        14       512    0.7837    0.6961      0.72    0.2933   0.04867  0.003698         0
    95/199     1.64G    0.0219   0.00301         0   0.02491        14       512    0.7564    0.6818    0.6794    0.2837   0.04916  0.003684         0
    96/199     1.64G   0.02296  0.002958         0   0.02592        14       512    0.7409     0.684    0.7008    0.2873   0.04882  0.003712         0
    97/199     1.64G   0.02264   0.00297         0   0.02561        14       512    0.8072    0.6667    0.7211    0.3039   0.04858  0.003713         0
    98/199     1.64G   0.02265  0.003017         0   0.02567        14       512    0.7993    0.6843    0.7286    0.3017   0.04837  0.003705         0
    99/199     1.64G   0.02175  0.002996         0   0.02475        14       512    0.8133    0.6706    0.7221     0.307   0.04872  0.003688         0
   100/199     1.64G    0.0216  0.002999         0    0.0246        14       512     0.773    0.6878    0.7185    0.3026   0.04893  0.003685         0
   101/199     1.64G   0.02206  0.003018         0   0.02508        14       512      0.74    0.7039    0.7018    0.2967   0.04922  0.003663         0
   102/199     1.64G    0.0213  0.002963         0   0.02426        14       512    0.7658    0.7053    0.7074       0.3   0.04904  0.003661         0
   103/199     1.64G    0.0213  0.002976         0   0.02428        14       512    0.7778    0.6862    0.7034     0.299   0.04908  0.003653         0
   104/199     1.64G   0.02073  0.002965         0    0.0237        14       512     0.791    0.6901    0.7238    0.3018   0.04905  0.003663         0
   105/199     1.64G   0.02148  0.002942         0   0.02442        14       512    0.7809       0.7    0.7275    0.2963   0.04942  0.003667         0
   106/199     1.64G   0.02251  0.002925         0   0.02544        14       512    0.7269    0.6961    0.6999    0.2825   0.05013  0.003644         0
   107/199     1.64G   0.02316  0.002937         0    0.0261        14       512    0.7189    0.6568    0.6629    0.2748    0.0509  0.003623         0
   108/199     1.64G   0.02407  0.002982         0   0.02705        14       512    0.7376    0.6558    0.6602    0.2676   0.05135  0.003606         0
   109/199     1.64G   0.02385  0.003003         0   0.02686        14       512    0.7226    0.6743    0.6678    0.2697   0.05125  0.003605         0
   110/199     1.64G    0.0231  0.003004         0    0.0261        14       512    0.7535    0.6627     0.683    0.2772    0.0503  0.003613         0
   111/199     1.64G     0.022  0.002982         0   0.02498        14       512    0.7728    0.6882    0.7071    0.2807   0.04941  0.003632         0
   112/199     1.64G    0.0211  0.002949         0   0.02405        14       512    0.7944     0.682    0.7142    0.2955   0.04857  0.003655         0
   113/199     1.64G    0.0209  0.002952         0   0.02385        14       512     0.792    0.6882    0.7166    0.2985   0.04849   0.00366         0
   114/199     1.64G   0.02037  0.002908         0   0.02328        14       512    0.7893     0.698    0.7146       0.3   0.04856  0.003685         0
   115/199     1.64G   0.02112  0.002915         0   0.02403        14       512    0.7886    0.6804    0.7082    0.3028   0.04876  0.003692         0
   116/199     1.64G   0.02066  0.002929         0   0.02359        14       512    0.8008    0.6784    0.7189    0.3058    0.0486  0.003704         0
   117/199     1.64G   0.02023  0.002926         0   0.02316        14       512    0.7869    0.6961    0.7085    0.3052   0.04846  0.003702         0
   118/199     1.64G   0.01939  0.002881         0   0.02227        14       512    0.7955    0.6725    0.7149    0.3037   0.04855  0.003684         0
   119/199     1.64G   0.01938  0.002845         0   0.02222        14       512    0.7951    0.6804    0.7156    0.3042   0.04851  0.003684         0
   120/199     1.64G   0.01918   0.00283         0   0.02201        14       512    0.7753    0.6902    0.7256     0.306   0.04846  0.003697         0
   121/199     1.64G   0.01928  0.002822         0    0.0221        14       512    0.7564    0.6902    0.7129    0.2983   0.04886    0.0037         0
   122/199     1.64G   0.01975  0.002821         0   0.02257        14       512    0.7587    0.6824    0.6911    0.2905   0.04965  0.003686         0
   123/199     1.64G    0.0204  0.002815         0   0.02322        14       512    0.7393     0.684    0.6837    0.2829   0.05004   0.00367         0
   124/199     1.64G   0.02029  0.002846         0   0.02313        14       512    0.7285    0.6902    0.6834    0.2873   0.04983   0.00368         0
   125/199     1.64G   0.01942  0.002821         0   0.02224        14       512    0.7364    0.6957    0.6894    0.2863    0.0498  0.003678         0
   126/199     1.64G   0.01964  0.002809         0   0.02245        14       512    0.7441     0.702    0.6877    0.2868   0.04979  0.003677         0
   127/199     1.64G   0.01882  0.002789         0   0.02161        14       512     0.756    0.7059    0.6937    0.2909   0.04932    0.0037         0
   128/199     1.64G    0.0185  0.002781         0   0.02128        14       512    0.7695     0.694    0.6964    0.2913   0.04899  0.003711         0
   129/199     1.64G   0.01883  0.002745         0   0.02158        14       512    0.7611    0.6935    0.7004    0.2915   0.04906  0.003734         0
   130/199     1.64G   0.01871  0.002763         0   0.02147        14       512    0.7494    0.7097    0.7082    0.2989   0.04854  0.003745         0
   131/199     1.64G   0.01823  0.002769         0     0.021        14       512    0.7924    0.6843    0.7153    0.3003   0.04819  0.003758         0
   132/199     1.64G   0.01812  0.002743         0   0.02087        14       512    0.8066    0.6804    0.7255    0.3045   0.04812  0.003759         0
   133/199     1.64G   0.01792  0.002746         0   0.02067        14       512    0.7731    0.6961    0.7174    0.3062    0.0483  0.003754         0
   134/199     1.64G   0.01766  0.002746         0   0.02041        14       512    0.7762     0.702    0.7174    0.3051   0.04818  0.003759         0
   135/199     1.64G   0.01714  0.002724         0   0.01986        14       512     0.764    0.6918    0.7064    0.3032   0.04843  0.003759         0
   136/199     1.64G   0.01717    0.0027         0   0.01987        14       512    0.7801    0.6816    0.7118    0.3033   0.04864  0.003765         0
   137/199     1.64G   0.01708  0.002679         0   0.01976        14       512    0.7768    0.6902    0.7158    0.3017   0.04875  0.003759         0
   138/199     1.64G   0.01683  0.002676         0    0.0195        14       512    0.7629     0.694    0.7111    0.2991   0.04889  0.003764         0
   139/199     1.64G   0.01685  0.002656         0    0.0195        14       512    0.7798    0.6745    0.7048    0.2952   0.04922  0.003777         0
   140/199     1.64G    0.0169  0.002639         0   0.01954        14       512    0.7868    0.6667    0.6909    0.2954   0.04933  0.003787         0
   141/199     1.64G   0.01696  0.002649         0   0.01961        14       512    0.7855    0.6686    0.6959    0.2952   0.04939  0.003796         0
   142/199     1.64G   0.01636  0.002656         0   0.01902        14       512    0.7448     0.698       0.7    0.2949   0.04911  0.003806         0
   143/199     1.64G   0.01614  0.002619         0   0.01876        14       512    0.7488    0.7098    0.7091    0.2979   0.04881  0.003839         0
   144/199     1.64G   0.01613   0.00261         0   0.01874        14       512    0.7645    0.6938    0.7158    0.3011   0.04861  0.003856         0
   145/199     1.64G   0.01623  0.002604         0   0.01883        14       512    0.7699    0.6821    0.7067    0.2982   0.04873  0.003849         0
   146/199     1.64G   0.01577  0.002581         0   0.01835        14       512    0.7706    0.6941    0.7107    0.2958   0.04885  0.003842         0
   147/199     1.64G   0.01596  0.002596         0   0.01855        14       512    0.7609    0.6961    0.7071    0.2996   0.04873  0.003853         0
   148/199     1.64G   0.01583  0.002588         0   0.01842        14       512    0.7993    0.6647    0.6991    0.2973   0.04891  0.003865         0
   149/199     1.64G   0.01567  0.002581         0   0.01825        14       512    0.7477    0.7039    0.7078    0.2983   0.04884   0.00387         0
   150/199     1.64G   0.01572  0.002568         0   0.01828        14       512    0.7412    0.7137    0.7107    0.3012   0.04872  0.003864         0
   151/199     1.64G   0.01574  0.002562         0    0.0183        14       512    0.7382    0.7188    0.7108    0.3012   0.04849  0.003883         0
   152/199     1.64G   0.01566  0.002556         0   0.01822        14       512    0.7395    0.7294    0.7197    0.3015   0.04844  0.003889         0
   153/199     1.64G   0.01545   0.00253         0   0.01798        14       512    0.7907    0.6815    0.7174    0.3058   0.04851  0.003876         0
   154/199     1.64G   0.01523  0.002532         0   0.01776        14       512    0.7532    0.7098    0.7134    0.3025   0.04855  0.003883         0
   155/199     1.64G   0.01516  0.002537         0    0.0177        14       512    0.7485    0.6961    0.7084    0.3031   0.04868  0.003886         0
   156/199     1.64G   0.01531  0.002538         0   0.01785        14       512    0.7659    0.6824    0.7088    0.2982   0.04879  0.003895         0
   157/199     1.64G    0.0151  0.002523         0   0.01762        14       512    0.7709    0.6843    0.7111    0.2988   0.04885  0.003892         0
   158/199     1.64G    0.0151  0.002518         0   0.01761        14       512    0.7687    0.6841    0.7071    0.2999   0.04891  0.003894         0
   159/199     1.64G   0.01511   0.00251         0   0.01762        14       512    0.7777    0.6722    0.7026    0.2986   0.04893  0.003906         0
   160/199     1.64G   0.01536  0.002525         0   0.01788        14       512    0.7746    0.6745    0.7049    0.2946   0.04901  0.003903         0
   161/199     1.64G   0.01535  0.002497         0   0.01785        14       512    0.7478    0.6976     0.705    0.2953   0.04905  0.003906         0
   162/199     1.64G   0.01487  0.002512         0   0.01739        14       512    0.7699    0.6889    0.7061    0.2964   0.04902  0.003911         0
   163/199     1.64G   0.01486  0.002511         0   0.01738        14       512    0.7443     0.702    0.7038     0.295   0.04905  0.003927         0
   164/199     1.64G   0.01519  0.002485         0   0.01767        14       512    0.7642    0.6862    0.7059    0.2983   0.04916  0.003928         0
   165/199     1.64G   0.01501  0.002491         0    0.0175        14       512      0.74    0.7039    0.7049    0.2974   0.04909  0.003946         0
   166/199     1.64G   0.01483  0.002496         0   0.01733        14       512    0.7322    0.7196    0.7111    0.2966   0.04897  0.003952         0
   167/199     1.64G   0.01484  0.002483         0   0.01732        14       512    0.7505    0.6902    0.7092     0.298   0.04891  0.003946         0
   168/199     1.64G   0.01499  0.002475         0   0.01746        14       512    0.7612    0.6937    0.7104    0.2997    0.0488   0.00395         0
   169/199     1.64G   0.01478  0.002487         0   0.01727        14       512    0.7563    0.6939    0.7075    0.2974   0.04879  0.003944         0
   170/199     1.64G   0.01457  0.002462         0   0.01704        14       512    0.7568    0.6941    0.7049    0.2986   0.04886  0.003942         0
   171/199     1.64G   0.01462  0.002466         0   0.01708        14       512    0.7805    0.6764    0.7085    0.3006   0.04879  0.003952         0
   172/199     1.64G    0.0146   0.00247         0   0.01707        14       512    0.7615    0.6941    0.7058    0.2994   0.04888  0.003956         0
   173/199     1.64G   0.01487  0.002498         0   0.01737        14       512    0.7398    0.7137    0.7089    0.3011    0.0488  0.003958         0
   174/199     1.64G   0.01434  0.002468         0   0.01681        14       512    0.7359    0.7216    0.7136    0.2995   0.04878  0.003953         0
   175/199     1.64G    0.0145  0.002459         0   0.01696        14       512    0.7537    0.6961    0.7048    0.2979   0.04874  0.003957         0
   176/199     1.64G    0.0144  0.002447         0   0.01685        14       512     0.753    0.6941    0.7019    0.2982   0.04887  0.003959         0
   177/199     1.64G   0.01448   0.00245         0   0.01693        14       512    0.7406       0.7    0.7009    0.2973   0.04889  0.003964         0
   178/199     1.64G   0.01448  0.002459         0   0.01694        14       512    0.7447    0.7039    0.7047     0.299   0.04884  0.003971         0
   179/199     1.64G   0.01425  0.002428         0   0.01668        14       512    0.7317    0.7274    0.7097    0.2973   0.04887  0.003971         0
   180/199     1.64G   0.01433  0.002436         0   0.01676        14       512    0.7593    0.7059    0.7109     0.298   0.04883  0.003973         0
   181/199     1.64G   0.01458   0.00245         0   0.01703        14       512    0.7625    0.7118    0.7167    0.2994   0.04881   0.00397         0
   182/199     1.64G   0.01449  0.002425         0   0.01692        14       512    0.7577    0.7059     0.709    0.2975   0.04892  0.003971         0
   183/199     1.64G   0.01427  0.002417         0   0.01669        14       512    0.7622    0.6922    0.7028    0.2968   0.04895  0.003979         0
   184/199     1.64G   0.01417  0.002436         0   0.01661        14       512    0.7586    0.6902    0.7022    0.2963   0.04898  0.003979         0
   185/199     1.64G   0.01429  0.002426         0   0.01672        14       512    0.7348    0.7176    0.7091    0.2979   0.04898  0.003983         0
   186/199     1.64G   0.01393   0.00243         0   0.01636        14       512    0.7301    0.7215    0.7093    0.2972   0.04896  0.003986         0
   187/199     1.64G   0.01436  0.002448         0   0.01681        14       512    0.7413    0.7176    0.7131    0.2963   0.04894  0.003991         0
   188/199     1.64G   0.01428  0.002431         0   0.01671        14       512    0.7529       0.7    0.7087    0.2981   0.04893  0.003991         0
   189/199     1.64G   0.01439  0.002438         0   0.01683        14       512     0.754     0.698    0.7096    0.2986   0.04887  0.003983         0
   190/199     1.64G   0.01403  0.002415         0   0.01645        14       512    0.7378    0.7118    0.7087    0.2978   0.04892  0.003984         0
   191/199     1.64G   0.01396  0.002405         0   0.01637        14       512    0.7439    0.7176    0.7132    0.2984   0.04885  0.003984         0
   192/199     1.64G   0.01417  0.002416         0   0.01658        14       512    0.7394    0.7157    0.7106       0.3   0.04892  0.003979         0
   193/199     1.64G   0.01436  0.002411         0   0.01677        14       512    0.7505    0.7077    0.7088    0.2977   0.04897  0.003975         0
   194/199     1.64G   0.01387  0.002426         0    0.0163        14       512     0.758    0.7078    0.7104    0.2966   0.04899  0.003986         0
   195/199     1.64G   0.01383  0.002402         0   0.01623        14       512    0.7437    0.7118    0.7064    0.2973   0.04894  0.003992         0
   196/199     1.64G   0.01397  0.002409         0   0.01638        14       512    0.7393    0.7116    0.7044     0.296   0.04892  0.004001         0
   197/199     1.64G   0.01433  0.002405         0   0.01674        14       512    0.7423    0.7118    0.7101    0.2985   0.04886  0.004011         0
   198/199     1.64G   0.01403  0.002387         0   0.01641        14       512     0.742    0.7118    0.7085    0.2984   0.04883  0.004018         0
   199/199     1.64G   0.01394  0.002401         0   0.01634        14       512    0.7388    0.7216    0.7101    0.2972   0.04884  0.004007         0
