     0/199     1.05G    0.1154   0.01964         0     0.135        14       512  0.003976    0.1353  0.001335 0.0002237    0.1094   0.01965         0
     1/199     1.65G   0.09922   0.01764         0    0.1169        14       512   0.01533    0.1706   0.00628  0.001137   0.09939   0.01974         0
     2/199     1.65G   0.08776   0.01837         0    0.1061        14       512   0.06893    0.1902   0.02861  0.005698   0.09072   0.01996         0
     3/199     1.65G   0.08135   0.01799         0   0.09934        14       512    0.2726    0.2234    0.1376   0.03156   0.08419   0.01864         0
     4/199     1.65G   0.07309   0.01695         0   0.09004        14       512    0.3002     0.275    0.1992   0.05315   0.07664   0.01835         0
     5/199     1.65G   0.07586   0.01574         0   0.09161        14       512    0.3121    0.3529    0.2345    0.0533   0.08186   0.01675         0
     6/199     1.65G   0.07436   0.01521         0   0.08958        14       512     0.326    0.4196    0.3157   0.08607   0.07802   0.01608         0
     7/199     1.65G   0.06712   0.01485         0   0.08198        14       512    0.5841    0.4157    0.4234    0.1218   0.08035   0.01472         0
     8/199     1.65G   0.07021   0.01368         0   0.08389        14       512    0.6191    0.4471     0.458     0.144   0.07538   0.01507         0
     9/199     1.65G   0.05949   0.01412         0   0.07361        14       512    0.5164    0.4392    0.4295    0.1382    0.0647   0.01591         0
    10/199     1.65G   0.05417    0.0142         0   0.06837        14       512    0.6274    0.4863    0.5488    0.1791   0.06152   0.01505         0
    11/199     1.65G   0.05336   0.01334         0   0.06671        14       512    0.6835    0.4953    0.5644    0.2055   0.06519   0.01434         0
    12/199     1.65G   0.05093   0.01313         0   0.06406        14       512    0.6009    0.4725    0.4999    0.1506   0.06711   0.01393         0
    13/199     1.65G   0.05099   0.01262         0   0.06361        14       512    0.7006    0.4882    0.5595    0.2019   0.06039    0.0145         0
    14/199     1.65G   0.05002   0.01227         0   0.06229        14       512    0.7458    0.5686    0.6408     0.213   0.05602   0.01446         0
    15/199     1.65G   0.04867   0.01192         0   0.06059        14       512    0.6267    0.5235    0.5767    0.1874   0.06127   0.01418         0
    16/199     1.65G   0.04732   0.01192         0   0.05923        14       512    0.6134    0.5863    0.5596    0.1846   0.05628   0.01451         0
    17/199     1.65G   0.04843   0.01155         0   0.05998        14       512    0.6974    0.5294    0.5769    0.1878   0.05979   0.01467         0
    18/199     1.65G   0.04491   0.01166         0   0.05657        14       512    0.6942    0.5843    0.6038    0.2078   0.05583   0.01443         0
    19/199     1.65G   0.04373   0.01119         0   0.05492        14       512    0.6622    0.5922    0.6533     0.244   0.05483   0.01407         0
    20/199     1.65G   0.04487   0.01049         0   0.05536        14       512    0.7041    0.6112    0.6562    0.2326    0.0552   0.01469         0
    21/199     1.65G   0.04152    0.0106         0   0.05213        14       512    0.7289    0.5588    0.6093    0.2232   0.05488   0.01496         0
    22/199     1.65G   0.04083   0.01047         0    0.0513        14       512    0.7325     0.549    0.5896    0.2051   0.05646   0.01441         0
    23/199     1.65G   0.03928   0.01014         0   0.04941        14       512    0.7255    0.5922    0.6319    0.2332   0.05473   0.01468         0
    24/199     1.65G   0.03758  0.009847         0   0.04742        14       512    0.7505    0.6017    0.6406    0.2281   0.05281    0.0149         0
    25/199     1.65G   0.04059  0.009795         0   0.05039        14       512    0.7352    0.5499    0.6268    0.2517   0.05317   0.01556         0
    26/199     1.65G   0.04101  0.009892         0   0.05091        14       512    0.6704    0.5471    0.6018    0.2507    0.0551   0.01679         0
    27/199     1.65G   0.04241   0.00969         0    0.0521        14       512    0.6437    0.5529    0.5672    0.1742   0.05858   0.01555         0
    28/199     1.65G   0.04248   0.01009         0   0.05258        14       512    0.7658    0.5706    0.6191    0.2401   0.05291   0.01696         0
    29/199     1.65G   0.03979  0.009907         0    0.0497        14       512    0.6218    0.5902    0.5236    0.1671   0.05727   0.01572         0
    30/199     1.65G   0.04113  0.009839         0   0.05097        14       512    0.6435    0.5843    0.5411    0.1811     0.056   0.01612         0
    31/199     1.65G   0.03799  0.009916         0   0.04791        14       512    0.7236    0.6157    0.6398     0.256   0.05301   0.01561         0
    32/199     1.65G   0.03777   0.01003         0    0.0478        14       512    0.7397    0.5804    0.6212    0.2351   0.05373   0.01595         0
    33/199     1.65G   0.03598  0.009295         0   0.04527        14       512    0.6809    0.5313    0.5496    0.1875   0.05625   0.01742         0
    34/199     1.65G   0.03351  0.009289         0    0.0428        14       512    0.7242    0.6076    0.6246    0.2335   0.05288   0.01575         0
    35/199     1.65G   0.03376  0.009157         0   0.04292        14       512    0.6292    0.6154    0.5721    0.1889   0.05579   0.01599         0
    36/199     1.65G   0.03374  0.009107         0   0.04285        14       512    0.7093    0.5647    0.5895    0.2174   0.05539   0.01619         0
    37/199     1.65G   0.03333  0.009063         0    0.0424        14       512    0.8191    0.5431    0.5884    0.2213   0.05471   0.01685         0
    38/199     1.65G    0.0366  0.009221         0   0.04582        14       512    0.6849    0.5156     0.555    0.2117   0.05698   0.01763         0
    39/199     1.65G   0.03753  0.009578         0   0.04711        14       512    0.6011    0.6412    0.6199    0.2475    0.0539   0.01674         0
    40/199     1.65G   0.03607   0.00991         0   0.04598        14       512    0.7282    0.5686    0.6205    0.2364   0.05165   0.01649         0
    41/199     1.65G   0.03248  0.009272         0   0.04175        14       512    0.7418    0.5922    0.6308    0.2641   0.05152   0.01717         0
    42/199     1.65G    0.0307  0.009262         0   0.03996        14       512    0.7919    0.6275    0.6769    0.2869   0.05085   0.01672         0
    43/199     1.65G   0.02909  0.008503         0    0.0376        14       512    0.7625    0.6569    0.6843    0.2934   0.05046    0.0163         0
    44/199     1.65G   0.02782  0.008224         0   0.03604        14       512    0.7516    0.6471    0.6783    0.2821   0.05133   0.01719         0
    45/199     1.65G   0.02907  0.008232         0   0.03731        14       512    0.7564    0.6332     0.661    0.2692   0.05235   0.01707         0
    46/199     1.65G    0.0288  0.008128         0   0.03693        14       512    0.7488    0.6254    0.6603    0.2787   0.05102   0.01683         0
    47/199     1.65G   0.02765  0.007899         0   0.03555        14       512    0.7855    0.6391    0.6841    0.2859   0.05119   0.01731         0
    48/199     1.65G   0.02698  0.007739         0   0.03472        14       512     0.809       0.6     0.642    0.2687    0.0526    0.0181         0
    49/199     1.65G   0.02596  0.007423         0   0.03338        14       512    0.8186    0.6195    0.6604    0.2763   0.05177   0.01803         0
    50/199     1.65G   0.02691  0.007467         0   0.03438        14       512    0.7344    0.6451    0.6686    0.2763   0.05159   0.01855         0
    51/199     1.65G   0.02805   0.00781         0   0.03586        14       512     0.782    0.5979    0.6352    0.2591    0.0527   0.01871         0
    52/199     1.65G   0.02822  0.007857         0   0.03608        14       512    0.8224    0.6172    0.6764     0.276   0.05168   0.01822         0
    53/199     1.65G   0.02748  0.007582         0   0.03506        14       512    0.7521    0.6137     0.639    0.2859   0.05125   0.01958         0
    54/199     1.65G   0.02717  0.007572         0   0.03474        14       512    0.7821    0.6275    0.6543    0.2737   0.05081   0.01744         0
    55/199     1.65G   0.02596  0.007451         0   0.03341        14       512    0.7699    0.6037    0.6464    0.2525   0.05296   0.01899         0
    56/199     1.65G   0.02668  0.007455         0   0.03413        14       512    0.7187    0.6157    0.6357    0.2413   0.05274   0.01999         0
    57/199     1.65G    0.0268  0.007571         0   0.03437        14       512    0.7601    0.6275    0.6463    0.2535   0.05262   0.01805         0
    58/199     1.65G   0.02727  0.007359         0   0.03463        14       512    0.8057    0.6097    0.6346    0.2565   0.05159    0.0178         0
    59/199     1.65G   0.02632  0.007363         0   0.03369        14       512    0.7669    0.6392    0.6423    0.2654   0.05149   0.01875         0
    60/199     1.65G   0.02639  0.007443         0   0.03383        14       512    0.7378    0.6843    0.6677      0.27   0.05089    0.0184         0
    61/199     1.65G    0.0265  0.007243         0   0.03375        14       512    0.8012    0.6176    0.6619    0.2705   0.05154   0.01998         0
    62/199     1.65G   0.02621  0.007273         0   0.03348        14       512    0.7535    0.6115    0.6382    0.2605   0.05211   0.02075         0
    63/199     1.65G   0.02506  0.006968         0   0.03203        14       512    0.8361    0.5802    0.6332    0.2624   0.05176    0.0208         0
    64/199     1.65G   0.02594  0.007223         0   0.03316        14       512    0.7684    0.5725    0.6297    0.2674   0.05048   0.02005         0
    65/199     1.65G   0.02323  0.006996         0   0.03022        14       512    0.7758    0.6255    0.6673    0.2892   0.05035    0.0193         0
    66/199     1.65G   0.02223  0.006781         0   0.02901        14       512    0.7764    0.6058    0.6587    0.2912   0.05001   0.01951         0
    67/199     1.65G   0.02134  0.006781         0   0.02812        14       512    0.8042    0.6038    0.6595    0.2877   0.05103   0.01998         0
    68/199     1.65G   0.02234  0.006504         0   0.02885        14       512    0.7495    0.6765    0.6729    0.2858   0.05077   0.02063         0
    69/199     1.65G    0.0219   0.00658         0   0.02848        14       512    0.8242    0.6353    0.6968    0.2864   0.05021    0.0195         0
    70/199     1.65G   0.02332  0.006763         0   0.03009        14       512    0.7423    0.6664    0.6919    0.2925      0.05   0.02137         0
    71/199     1.65G    0.0225   0.00657         0   0.02907        14       512    0.8278    0.6137     0.659    0.2841    0.0505   0.02219         0
    72/199     1.65G   0.02162  0.006601         0   0.02822        14       512    0.7471    0.6451    0.6585    0.2894   0.05026   0.02217         0
    73/199     1.65G   0.02283  0.006568         0    0.0294        14       512    0.8064    0.6294    0.6731    0.2814   0.05042   0.02002         0
    74/199     1.65G    0.0233  0.006696         0   0.02999        14       512    0.7505    0.6135    0.6357    0.2743    0.0512   0.02039         0
    75/199     1.65G   0.02357  0.006668         0   0.03024        14       512    0.7392    0.6392    0.6563    0.2776    0.0526   0.02066         0
    76/199     1.65G   0.02361  0.006667         0   0.03028        14       512    0.7667    0.6196    0.6575     0.269    0.0521   0.01997         0
    77/199     1.65G   0.02388  0.006861         0   0.03074        14       512     0.823    0.6314    0.6956    0.2921    0.0505   0.01906         0
    78/199     1.65G    0.0224  0.006552         0   0.02895        14       512    0.7802    0.6195    0.6781    0.2873   0.05004   0.01915         0
    79/199     1.65G   0.02177  0.006316         0   0.02809        14       512    0.8102    0.6195     0.674    0.2949   0.05001   0.01972         0
    80/199     1.65G   0.02135   0.00629         0   0.02764        14       512    0.8205    0.6471    0.6959    0.2868   0.05084   0.02138         0
    81/199     1.65G   0.02223  0.006362         0   0.02859        14       512    0.7973    0.6216    0.6659     0.292   0.05097   0.02285         0
    82/199     1.65G   0.02157  0.006243         0   0.02781        14       512    0.7652    0.6333    0.6522    0.2853   0.05133   0.02456         0
    83/199     1.65G   0.02266  0.006356         0   0.02902        14       512    0.8368    0.5941    0.6399    0.2874    0.0514   0.02399         0
    84/199     1.65G   0.02091   0.00609         0     0.027        14       512    0.8361     0.602     0.655    0.2853   0.05173    0.0226         0
    85/199     1.65G   0.02085  0.005942         0    0.0268        14       512    0.7702     0.631    0.6617    0.2837   0.05178   0.02186         0
    86/199     1.65G   0.02044  0.006044         0   0.02649        14       512    0.8095    0.5998    0.6606    0.2758   0.05102   0.02102         0
    87/199     1.65G   0.02167  0.006206         0   0.02787        14       512    0.7814    0.6314    0.6706    0.2792   0.05076   0.02112         0
    88/199     1.65G   0.02133  0.005946         0   0.02727        14       512     0.767     0.639    0.6778    0.2853   0.04964   0.02099         0
    89/199     1.65G   0.02015  0.005852         0     0.026        14       512    0.7926    0.6293    0.6698    0.2857    0.0494   0.02137         0
    90/199     1.65G   0.01922  0.005826         0   0.02505        14       512    0.7644    0.6059    0.6375    0.2777   0.05098   0.02155         0
    91/199     1.65G   0.02095  0.006057         0   0.02701        14       512    0.8192    0.5686    0.6349    0.2774   0.05064    0.0223         0
    92/199     1.65G   0.02101  0.006203         0   0.02722        14       512    0.7748     0.649    0.6674     0.296   0.05012   0.02245         0
    93/199     1.65G   0.01934  0.005987         0   0.02533        14       512    0.8239    0.6333    0.6609    0.2925   0.05073    0.0229         0
    94/199     1.65G   0.01914  0.005995         0   0.02514        14       512    0.7428    0.6588    0.6545    0.2915    0.0505   0.02357         0
    95/199     1.65G   0.01811  0.005748         0   0.02386        14       512     0.785    0.6451    0.6801     0.299    0.0504   0.02339         0
    96/199     1.65G   0.01813  0.005745         0   0.02388        14       512     0.796    0.6352    0.6708    0.2929   0.05057   0.02397         0
    97/199     1.65G   0.01795  0.005634         0   0.02359        14       512    0.7744    0.6471    0.6667     0.284   0.05131   0.02339         0
    98/199     1.65G   0.01702  0.005609         0   0.02262        14       512    0.8375    0.5863    0.6402    0.2789   0.05157   0.02383         0
    99/199     1.65G   0.01708   0.00549         0   0.02257        14       512    0.7995    0.6254    0.6585    0.2747    0.0512   0.02363         0
   100/199     1.65G   0.01764  0.005808         0   0.02345        14       512    0.8094       0.6    0.6328    0.2752    0.0515    0.0241         0
   101/199     1.65G   0.01836  0.005653         0   0.02402        14       512      0.83    0.5941    0.6432    0.2794   0.05059   0.02343         0
   102/199     1.65G   0.01841  0.005478         0   0.02388        14       512     0.791    0.6233    0.6499    0.2808   0.05094   0.02345         0
   103/199     1.65G   0.01814  0.005501         0   0.02364        14       512    0.7561    0.6451    0.6658    0.2914   0.05085    0.0238         0
   104/199     1.65G   0.01829  0.005492         0   0.02379        14       512    0.7661    0.6231    0.6485    0.2867   0.05093   0.02419         0
   105/199     1.65G     0.019  0.005571         0   0.02457        14       512    0.8141    0.6352    0.6916    0.2971   0.05049    0.0231         0
   106/199     1.65G   0.01824  0.005637         0   0.02387        14       512    0.7923    0.6584      0.69    0.2959   0.05043   0.02289         0
   107/199     1.65G   0.01786  0.005509         0   0.02337        14       512    0.7625    0.6548    0.6616     0.295    0.0502   0.02349         0
   108/199     1.65G    0.0176  0.005394         0   0.02299        14       512    0.7746    0.6137    0.6367    0.2859   0.05045   0.02432         0
   109/199     1.65G   0.01749  0.005355         0   0.02285        14       512    0.8448    0.5763      0.63    0.2839   0.05027   0.02421         0
   110/199     1.65G   0.01652  0.005443         0   0.02196        14       512    0.7809    0.6291    0.6428    0.2882   0.05018   0.02418         0
   111/199     1.65G   0.01624  0.005294         0   0.02154        14       512    0.8167    0.6118     0.651     0.289   0.05009    0.0242         0
   112/199     1.65G   0.01544  0.005129         0   0.02057        14       512    0.8399     0.598    0.6519    0.2941   0.05027   0.02519         0
   113/199     1.65G   0.01589  0.005325         0   0.02122        14       512     0.786    0.6137    0.6509    0.2883   0.05056   0.02529         0
   114/199     1.65G   0.01613  0.005123         0   0.02125        14       512    0.7707    0.6194     0.648    0.2909    0.0508   0.02537         0
   115/199     1.65G   0.01584  0.005067         0   0.02091        14       512    0.8527    0.5902    0.6528    0.2914   0.05067   0.02556         0
   116/199     1.65G    0.0151  0.005195         0    0.0203        14       512    0.8184    0.6118    0.6651    0.2915   0.05017   0.02516         0
   117/199     1.65G   0.01491  0.005041         0   0.01995        14       512    0.8128    0.6215     0.668    0.3028   0.04971   0.02508         0
   118/199     1.65G    0.0151  0.005121         0   0.02022        14       512    0.7871    0.6314    0.6601    0.2966   0.04993   0.02512         0
   119/199     1.65G   0.01495  0.005029         0   0.01998        14       512      0.81    0.6196    0.6616     0.292    0.0499    0.0252         0
   120/199     1.65G   0.01444  0.004917         0   0.01935        14       512    0.7897     0.633    0.6646    0.2945   0.04977   0.02402         0
   121/199     1.65G   0.01448  0.004941         0   0.01942        14       512    0.8033    0.6255    0.6567    0.2932   0.04961   0.02441         0
   122/199     1.65G   0.01376  0.004898         0   0.01866        14       512     0.822    0.6157    0.6545     0.294   0.05023   0.02536         0
   123/199     1.65G   0.01378  0.004703         0   0.01848        14       512    0.8158    0.6254    0.6612    0.2996   0.05022   0.02513         0
   124/199     1.65G   0.01316  0.004866         0   0.01803        14       512    0.8014    0.6252    0.6645    0.3002   0.04982   0.02468         0
   125/199     1.65G   0.01364  0.004777         0   0.01841        14       512    0.7575    0.6686    0.6734    0.2989   0.04987   0.02485         0
   126/199     1.65G   0.01388  0.004897         0   0.01878        14       512    0.7808    0.6566    0.6849    0.3009   0.04984   0.02528         0
   127/199     1.65G   0.01381  0.004795         0   0.01861        14       512    0.8192    0.6314    0.6885    0.2995    0.0496   0.02479         0
   128/199     1.65G   0.01359  0.004821         0   0.01841        14       512    0.8235    0.6137     0.678    0.3002   0.04966    0.0252         0
   129/199     1.65G   0.01436  0.004833         0   0.01919        14       512     0.852    0.6097    0.6842    0.2998   0.04988   0.02536         0
   130/199     1.65G   0.01418  0.004838         0   0.01901        14       512    0.8284    0.6157    0.6725    0.3014   0.04972   0.02559         0
   131/199     1.65G    0.0136  0.004794         0   0.01839        14       512    0.7931    0.6255      0.66     0.299   0.04965   0.02523         0
   132/199     1.65G   0.01337  0.004626         0   0.01799        14       512    0.7947    0.6314    0.6634    0.2964   0.04945   0.02524         0
   133/199     1.65G   0.01323   0.00475         0   0.01798        14       512    0.8013    0.6176    0.6547    0.2963   0.04972   0.02575         0
   134/199     1.65G   0.01358  0.004588         0   0.01817        14       512    0.7995    0.6332    0.6512    0.2928   0.04985   0.02622         0
   135/199     1.65G   0.01297  0.004491         0   0.01746        14       512    0.8112    0.6235    0.6571    0.2995   0.04957   0.02585         0
   136/199     1.65G   0.01275  0.004452         0    0.0172        14       512     0.795    0.6235    0.6596    0.2938   0.04954   0.02573         0
   137/199     1.65G   0.01239  0.004549         0   0.01694        14       512    0.8129    0.6137     0.655    0.2958   0.04969    0.0257         0
   138/199     1.65G   0.01224  0.004468         0   0.01671        14       512    0.8085    0.6292    0.6699    0.3021   0.04923   0.02562         0
   139/199     1.65G   0.01173  0.004481         0   0.01621        14       512    0.8078    0.6353    0.6768    0.2972   0.04928   0.02534         0
   140/199     1.65G   0.01201  0.004506         0   0.01651        14       512    0.8092    0.6235    0.6705    0.2984   0.04932   0.02575         0
   141/199     1.65G   0.01167  0.004526         0   0.01619        14       512     0.797    0.6235    0.6532    0.2991   0.04954   0.02638         0
   142/199     1.65G   0.01127  0.004366         0   0.01564        14       512    0.8098    0.6176    0.6571    0.2971   0.04953   0.02607         0
   143/199     1.65G   0.01128  0.004435         0   0.01572        14       512    0.7884    0.6431    0.6641    0.2986   0.04945   0.02597         0
   144/199     1.65G   0.01117  0.004277         0   0.01545        14       512    0.7917     0.641    0.6644    0.2995   0.04967   0.02633         0
   145/199     1.65G   0.01139  0.004382         0   0.01577        14       512    0.8018    0.6353    0.6596    0.2983   0.04985   0.02639         0
   146/199     1.65G   0.01121  0.004204         0   0.01542        14       512     0.785    0.6451    0.6633     0.297   0.04964    0.0265         0
   147/199     1.65G   0.01114  0.004305         0   0.01544        14       512    0.8122    0.6196    0.6594    0.2952   0.04969    0.0266         0
   148/199     1.65G     0.011  0.004255         0   0.01526        14       512     0.789    0.6314    0.6613    0.2926   0.04972   0.02658         0
   149/199     1.65G   0.01099  0.004296         0   0.01529        14       512    0.7839    0.6333    0.6634    0.2936   0.04972   0.02669         0
   150/199     1.65G    0.0109  0.004334         0   0.01523        14       512    0.7917    0.6333    0.6647    0.2928   0.04975   0.02668         0
   151/199     1.65G    0.0109  0.004289         0   0.01518        14       512     0.787    0.6314    0.6604    0.2964   0.04976   0.02673         0
   152/199     1.65G   0.01099  0.004354         0   0.01535        14       512    0.7999    0.6353    0.6672    0.2976   0.04974   0.02704         0
   153/199     1.65G    0.0113  0.004168         0   0.01547        14       512    0.7785    0.6411    0.6596    0.2982   0.04961   0.02702         0
   154/199     1.65G   0.01065  0.004241         0   0.01489        14       512    0.8133    0.6152    0.6541    0.2965   0.04946   0.02702         0
   155/199     1.65G   0.01046  0.004283         0   0.01474        14       512    0.8128    0.6216    0.6601    0.2964   0.04952   0.02692         0
   156/199     1.65G   0.01043  0.004164         0   0.01459        14       512     0.805    0.6313    0.6612    0.2969   0.04951   0.02702         0
   157/199     1.65G   0.01047  0.004112         0   0.01458        14       512     0.797    0.6391    0.6734    0.2972   0.04956   0.02712         0
   158/199     1.65G   0.01059  0.004217         0   0.01481        14       512    0.7975    0.6333    0.6665    0.2967   0.04968   0.02736         0
   159/199     1.65G    0.0104   0.00421         0   0.01461        14       512    0.8095    0.6331     0.667    0.2981   0.04957   0.02707         0
   160/199     1.65G   0.01034  0.004087         0   0.01443        14       512    0.8286    0.6255    0.6644    0.2966   0.04947   0.02687         0
   161/199     1.65G  0.009954   0.00415         0    0.0141        14       512    0.8152    0.6312    0.6676    0.2956   0.04965    0.0271         0
   162/199     1.65G  0.009989  0.004097         0   0.01409        14       512    0.8193    0.6314    0.6614    0.2959   0.04979   0.02749         0
   163/199     1.65G   0.01014  0.004247         0   0.01439        14       512    0.8146    0.6294    0.6604    0.2948   0.04971   0.02745         0
   164/199     1.65G  0.009945  0.004131         0   0.01408        14       512    0.8138    0.6255    0.6619     0.296    0.0497   0.02735         0
   165/199     1.65G  0.009856  0.003936         0   0.01379        14       512    0.8208    0.6196    0.6618    0.2931    0.0497   0.02738         0
   166/199     1.65G  0.009584  0.004076         0   0.01366        14       512    0.8233    0.6214     0.663     0.297   0.04967   0.02738         0
   167/199     1.65G  0.009749  0.004027         0   0.01378        14       512     0.819    0.6216    0.6643    0.2986   0.04971   0.02748         0
   168/199     1.65G  0.009761  0.004078         0   0.01384        14       512    0.8191    0.6216     0.661    0.2971   0.04967   0.02743         0
   169/199     1.65G  0.009728  0.004026         0   0.01375        14       512    0.8191    0.6215    0.6588    0.2963   0.04967   0.02744         0
   170/199     1.65G   0.00955  0.004057         0   0.01361        14       512    0.8041    0.6196    0.6535    0.2953   0.04971   0.02757         0
   171/199     1.65G  0.009791  0.004104         0   0.01389        14       512     0.807    0.6235    0.6575    0.2975    0.0497   0.02761         0
   172/199     1.65G   0.00981  0.004155         0   0.01396        14       512     0.802    0.6273    0.6613    0.2966   0.04968   0.02757         0
   173/199     1.65G  0.009876  0.004107         0   0.01398        14       512    0.8043    0.6235    0.6626    0.2971   0.04966   0.02755         0
   174/199     1.65G  0.009489  0.004172         0   0.01366        14       512    0.8081    0.6274    0.6626    0.2973   0.04972   0.02764         0
   175/199     1.65G  0.009684  0.004042         0   0.01373        14       512    0.8159    0.6176    0.6579    0.2972   0.04975   0.02776         0
   176/199     1.65G  0.009477   0.00395         0   0.01343        14       512    0.8091    0.6235     0.664    0.2974   0.04977   0.02777         0
   177/199     1.65G  0.009542  0.004099         0   0.01364        14       512    0.7726    0.6471    0.6618    0.2988   0.04973    0.0278         0
   178/199     1.65G  0.009306  0.004133         0   0.01344        14       512    0.7744    0.6471    0.6631    0.2989   0.04971   0.02772         0
   179/199     1.65G  0.009311  0.003955         0   0.01327        14       512    0.7688    0.6471    0.6586    0.2967   0.04981   0.02776         0
   180/199     1.65G  0.009434  0.004114         0   0.01355        14       512     0.768     0.651    0.6624    0.2989   0.04981    0.0278         0
   181/199     1.65G  0.009275  0.003933         0   0.01321        14       512    0.7902    0.6353    0.6621    0.2981   0.04974   0.02774         0
   182/199     1.65G  0.009397  0.003966         0   0.01336        14       512    0.8041    0.6294    0.6605    0.2974   0.04974   0.02773         0
   183/199     1.65G  0.009246  0.003832         0   0.01308        14       512     0.797    0.6314    0.6553     0.296   0.04976    0.0277         0
   184/199     1.65G  0.009385  0.004041         0   0.01343        14       512    0.7922    0.6353    0.6592    0.2969   0.04978   0.02774         0
   185/199     1.65G    0.0093  0.003948         0   0.01325        14       512    0.7916    0.6333     0.658    0.2971   0.04979   0.02779         0
   186/199     1.65G  0.009343  0.004022         0   0.01336        14       512     0.798    0.6273    0.6592    0.2979   0.04982   0.02783         0
   187/199     1.65G  0.009255  0.003996         0   0.01325        14       512    0.7956    0.6333    0.6611    0.2974    0.0498   0.02782         0
   188/199     1.65G  0.009281  0.003833         0   0.01311        14       512     0.792    0.6353    0.6614    0.2974   0.04978   0.02785         0
   189/199     1.65G  0.009277  0.004095         0   0.01337        14       512    0.7965    0.6373    0.6611    0.2986   0.04977   0.02787         0
   190/199     1.65G   0.00934  0.003945         0   0.01329        14       512    0.7958    0.6353    0.6582    0.2973   0.04977   0.02784         0
   191/199     1.65G  0.009194  0.003956         0   0.01315        14       512    0.7921    0.6353    0.6601    0.2966   0.04978   0.02786         0
   192/199     1.65G  0.009226  0.003952         0   0.01318        14       512    0.7946    0.6373    0.6601    0.2976   0.04979   0.02791         0
   193/199     1.65G  0.009245  0.003997         0   0.01324        14       512    0.7921    0.6353    0.6587    0.2971    0.0498   0.02791         0
   194/199     1.65G  0.009071  0.003995         0   0.01307        14       512    0.7922    0.6352    0.6595    0.2978    0.0498   0.02795         0
   195/199     1.65G  0.009338   0.00396         0    0.0133        14       512    0.7897    0.6333    0.6565     0.297   0.04981   0.02793         0
   196/199     1.65G   0.00921  0.003803         0   0.01301        14       512    0.7907    0.6314    0.6591    0.2975   0.04979    0.0279         0
   197/199     1.65G  0.009123  0.003781         0    0.0129        14       512    0.7938    0.6353    0.6616    0.2954   0.04979   0.02793         0
   198/199     1.65G  0.009219  0.003885         0    0.0131        14       512    0.7912    0.6392    0.6622    0.2958    0.0498    0.0279         0
   199/199     1.65G  0.009111  0.003803         0   0.01291        14       512     0.791    0.6392    0.6622    0.2969    0.0498   0.02789         0
